['237AK', (1, [0, 1, 5, 12, 11]), 253]: 253
['256JT', (1, [0, 3, 4, 9, 8]), 524]: 1048
['257K3', (1, [0, 3, 5, 11, 1]), 656]: 1968
['25934', (1, [0, 3, 7, 1, 2]), 675]: 2700
['25J7T', (1, [0, 3, 9, 5, 8]), 46]: 230
['26358', (1, [0, 4, 1, 3, 6]), 674]: 4044
['279J8', (1, [0, 5, 7, 9, 6]), 106]: 742
['2J5QA', (1, [0, 9, 3, 10, 12]), 465]: 3720
['2J6Q8', (1, [0, 9, 4, 10, 6]), 707]: 6363
['2J84A', (1, [0, 9, 6, 2, 12]), 113]: 1130
['2JTQK', (1, [0, 9, 8, 10, 11]), 479]: 5269
['2QKJ8', (1, [0, 10, 11, 9, 6]), 279]: 3348
['2K5Q8', (1, [0, 11, 3, 10, 6]), 752]: 9776
['2K9A5', (1, [0, 11, 7, 12, 3]), 100]: 1400
['2KQT8', (1, [0, 11, 10, 8, 6]), 823]: 12345
['2KA84', (1, [0, 11, 12, 6, 2]), 914]: 14624
['324J9', (1, [1, 0, 2, 9, 7]), 283]: 4811
['32KJQ', (1, [1, 0, 11, 9, 10]), 897]: 16146
['346JK', (1, [1, 2, 4, 9, 11]), 261]: 4959
['34T2J', (1, [1, 2, 8, 0, 9]), 857]: 17140
['34A57', (1, [1, 2, 12, 3, 5]), 552]: 11592
['35A62', (1, [1, 3, 12, 4, 0]), 231]: 5082
['36K79', (1, [1, 4, 11, 5, 7]), 195]: 4485
['37J49', (1, [1, 5, 9, 2, 7]), 193]: 4632
['37A8K', (1, [1, 5, 12, 6, 11]), 273]: 6825
['386K2', (1, [1, 6, 4, 11, 0]), 167]: 4342
['39268', (1, [1, 7, 0, 4, 6]), 119]: 3213
['392J7', (1, [1, 7, 0, 9, 5]), 739]: 20692
['3982A', (1, [1, 7, 6, 0, 12]), 48]: 1392
['398T7', (1, [1, 7, 6, 8, 5]), 141]: 4230
['39KJ8', (1, [1, 7, 11, 9, 6]), 762]: 23622
['3T9KA', (1, [1, 8, 7, 11, 12]), 974]: 31168
['3J26A', (1, [1, 9, 0, 4, 12]), 725]: 23925
['3Q9T8', (1, [1, 10, 7, 8, 6]), 138]: 4692
['3K95T', (1, [1, 11, 7, 3, 8]), 562]: 19670
['3A248', (1, [1, 12, 0, 2, 6]), 446]: 16056
['4285J', (1, [2, 0, 6, 3, 9]), 533]: 19721
['429A8', (1, [2, 0, 7, 12, 6]), 449]: 17062
['43759', (1, [2, 1, 5, 3, 7]), 265]: 10335
['453Q7', (1, [2, 3, 1, 10, 5]), 767]: 30680
['46QT2', (1, [2, 4, 10, 8, 0]), 548]: 22468
['48TQ2', (1, [2, 6, 8, 10, 0]), 476]: 19992
['49T25', (1, [2, 7, 8, 0, 3]), 912]: 39216
['49T86', (1, [2, 7, 8, 6, 4]), 630]: 27720
['4T5JK', (1, [2, 8, 3, 9, 11]), 588]: 26460
['4J5Q6', (1, [2, 9, 3, 10, 4]), 280]: 12880
['4Q52A', (1, [2, 10, 3, 0, 12]), 885]: 41595
['4K968', (1, [2, 11, 7, 4, 6]), 903]: 43344
['4KT95', (1, [2, 11, 8, 7, 3]), 921]: 45129
['4A29T', (1, [2, 12, 0, 7, 8]), 398]: 19900
['4AK3T', (1, [2, 12, 11, 1, 8]), 747]: 38097
['523QT', (1, [3, 0, 1, 10, 8]), 347]: 18044
['548KT', (1, [3, 2, 6, 11, 8]), 886]: 46958
['54AJK', (1, [3, 2, 12, 9, 11]), 879]: 47466
['567Q8', (1, [3, 4, 5, 10, 6]), 114]: 6270
['56KA8', (1, [3, 4, 11, 12, 6]), 386]: 21616
['57498', (1, [3, 5, 2, 7, 6]), 372]: 21204
['5TK97', (1, [3, 8, 11, 7, 5]), 907]: 52606
['5JK32', (1, [3, 9, 11, 1, 0]), 390]: 23010
['5KQT3', (1, [3, 11, 10, 8, 1]), 733]: 43980
['63472', (1, [4, 1, 2, 5, 0]), 867]: 52887
['6389K', (1, [4, 1, 6, 7, 11]), 824]: 51088
['63QT2', (1, [4, 1, 10, 8, 0]), 804]: 50652
['63K29', (1, [4, 1, 11, 0, 7]), 491]: 31424
['642T3', (1, [4, 2, 0, 8, 1]), 27]: 1755
['653Q2', (1, [4, 3, 1, 10, 0]), 963]: 63558
['6578K', (1, [4, 3, 5, 6, 11]), 31]: 2077
['68459', (1, [4, 6, 2, 3, 7]), 164]: 11152
['68K9J', (1, [4, 6, 11, 7, 9]), 979]: 67551
['693A4', (1, [4, 7, 1, 12, 2]), 266]: 18620
['69QJA', (1, [4, 7, 10, 9, 12]), 540]: 38340
['6T53K', (1, [4, 8, 3, 1, 11]), 186]: 13392
['6T73K', (1, [4, 8, 5, 1, 11]), 41]: 2993
['6J27Q', (1, [4, 9, 0, 5, 10]), 667]: 49358
['6J524', (1, [4, 9, 3, 0, 2]), 708]: 53100
['6J783', (1, [4, 9, 5, 6, 1]), 42]: 3192
['6J82A', (1, [4, 9, 6, 0, 12]), 869]: 66913
['6J94A', (1, [4, 9, 7, 2, 12]), 16]: 1248
['6K2J8', (1, [4, 11, 0, 9, 6]), 542]: 42818
['7265T', (1, [5, 0, 4, 3, 8]), 58]: 4640
['73956', (1, [5, 1, 7, 3, 4]), 577]: 46737
['739QT', (1, [5, 1, 7, 10, 8]), 512]: 41984
['7529K', (1, [5, 3, 0, 7, 11]), 844]: 70052
['75K2J', (1, [5, 3, 11, 0, 9]), 102]: 8568
['75AT8', (1, [5, 3, 12, 8, 6]), 554]: 47090
['78A9T', (1, [5, 6, 12, 7, 8]), 161]: 13846
['79624', (1, [5, 7, 4, 0, 2]), 322]: 28014
['7TJ28', (1, [5, 8, 9, 0, 6]), 684]: 60192
['7J53Q', (1, [5, 9, 3, 1, 10]), 333]: 29637
['7J6AT', (1, [5, 9, 4, 12, 8]), 988]: 88920
['7JQ59', (1, [5, 9, 10, 3, 7]), 982]: 89362
['7Q3J2', (1, [5, 10, 1, 9, 0]), 326]: 29992
['7Q9TJ', (1, [5, 10, 7, 8, 9]), 870]: 80910
['7QJ84', (1, [5, 10, 9, 6, 2]), 359]: 33746
['7QK62', (1, [5, 10, 11, 4, 0]), 945]: 89775
['7QA5J', (1, [5, 10, 12, 3, 9]), 179]: 17184
['7K968', (1, [5, 11, 7, 4, 6]), 808]: 78376
['82T9J', (1, [6, 0, 8, 7, 9]), 289]: 28322
['82Q39', (1, [6, 0, 10, 1, 7]), 498]: 49302
['82K9A', (1, [6, 0, 11, 7, 12]), 953]: 95300
['836KT', (1, [6, 1, 4, 11, 8]), 477]: 48177
['84J27', (1, [6, 2, 9, 0, 5]), 55]: 5610
['85634', (1, [6, 3, 4, 1, 2]), 427]: 43981
['867T5', (1, [6, 4, 5, 8, 3]), 729]: 75816
['869J2', (1, [6, 4, 7, 9, 0]), 471]: 49455
['86JQT', (1, [6, 4, 9, 10, 8]), 556]: 58936
['86K35', (1, [6, 4, 11, 1, 3]), 663]: 70941
['875KJ', (1, [6, 5, 3, 11, 9]), 866]: 93528
['87T92', (1, [6, 5, 8, 7, 0]), 816]: 88944
['8T2JK', (1, [6, 8, 0, 9, 11]), 395]: 43450
['8J625', (1, [6, 9, 4, 0, 3]), 589]: 65379
['8Q74K', (1, [6, 10, 5, 2, 11]), 387]: 43344
['8QT57', (1, [6, 10, 8, 3, 5]), 405]: 45765
['8QJ32', (1, [6, 10, 9, 1, 0]), 612]: 69768
['923Q7', (1, [7, 0, 1, 10, 5]), 190]: 21850
['92AQ8', (1, [7, 0, 12, 10, 6]), 149]: 17284
['93264', (1, [7, 1, 0, 4, 2]), 754]: 88218
['93Q86', (1, [7, 1, 10, 6, 4]), 506]: 59708
['94652', (1, [7, 2, 4, 3, 0]), 115]: 13685
['946Q2', (1, [7, 2, 4, 10, 0]), 234]: 28080
['954A3', (1, [7, 3, 2, 12, 1]), 59]: 7139
['96784', (1, [7, 4, 5, 6, 2]), 900]: 109800
['96857', (1, [7, 4, 6, 3, 5]), 797]: 98031
['98K6A', (1, [7, 6, 11, 4, 12]), 215]: 26660
['98A34', (1, [7, 6, 12, 1, 2]), 11]: 1375
['9T82Q', (1, [7, 8, 6, 0, 10]), 531]: 66906
['9TKA4', (1, [7, 8, 11, 12, 2]), 284]: 36068
['9J46K', (1, [7, 9, 2, 4, 11]), 334]: 42752
['9JAK3', (1, [7, 9, 12, 11, 1]), 456]: 58824
['9Q85K', (1, [7, 10, 6, 3, 11]), 188]: 24440
['9QK6T', (1, [7, 10, 11, 4, 8]), 743]: 97333
['9QKJ6', (1, [7, 10, 11, 9, 4]), 255]: 33660
['9K7J6', (1, [7, 11, 5, 9, 4]), 22]: 2926
['9AK46', (1, [7, 12, 11, 2, 4]), 880]: 117920
['T2375', (1, [8, 0, 1, 5, 3]), 610]: 82350
['T2Q34', (1, [8, 0, 10, 1, 2]), 830]: 112880
['T38K4', (1, [8, 1, 6, 11, 2]), 891]: 122067
['T4697', (1, [8, 2, 4, 7, 5]), 913]: 125994
['T4QA8', (1, [8, 2, 10, 12, 6]), 768]: 106752
['T4K62', (1, [8, 2, 11, 4, 0]), 860]: 120400
['T63A5', (1, [8, 4, 1, 12, 3]), 785]: 110685
['T6J78', (1, [8, 4, 9, 5, 6]), 710]: 100820
['T7KJA', (1, [8, 5, 11, 9, 12]), 838]: 119834
['T7A64', (1, [8, 5, 12, 4, 2]), 899]: 129456
['T8369', (1, [8, 6, 1, 4, 7]), 961]: 139345
['T8QA9', (1, [8, 6, 10, 12, 7]), 806]: 117676
['T9J48', (1, [8, 7, 9, 2, 6]), 557]: 81879
['T9J8Q', (1, [8, 7, 9, 6, 10]), 306]: 45288
['TJ632', (1, [8, 9, 4, 1, 0]), 916]: 136484
['TQ548', (1, [8, 10, 3, 2, 6]), 876]: 131400
['TQ975', (1, [8, 10, 7, 5, 3]), 468]: 70668
['TQA67', (1, [8, 10, 12, 4, 5]), 484]: 73568
['TA8QJ', (1, [8, 12, 6, 10, 9]), 839]: 128367
['TAQ72', (1, [8, 12, 10, 5, 0]), 518]: 79772
['J2Q49', (1, [9, 0, 10, 2, 7]), 202]: 31310
['J4K83', (1, [9, 2, 11, 6, 1]), 285]: 44460
['J59KT', (1, [9, 3, 7, 11, 8]), 461]: 72377
['J756A', (1, [9, 5, 3, 4, 12]), 837]: 132246
['J925T', (1, [9, 7, 0, 3, 8]), 585]: 93015
['J9783', (1, [9, 7, 5, 6, 1]), 927]: 148320
['JQ245', (1, [9, 10, 0, 2, 3]), 501]: 80661
['JQK38', (1, [9, 10, 11, 1, 6]), 107]: 17334
['JQK53', (1, [9, 10, 11, 3, 1]), 661]: 107743
['JA54Q', (1, [9, 12, 3, 2, 10]), 436]: 71504
['JA5T8', (1, [9, 12, 3, 8, 6]), 407]: 67155
['Q248J', (1, [10, 0, 2, 6, 9]), 760]: 126160
['Q2876', (1, [10, 0, 6, 5, 4]), 799]: 133433
['Q37J9', (1, [10, 1, 5, 9, 7]), 377]: 63336
['Q56K9', (1, [10, 3, 4, 11, 7]), 995]: 168155
['Q5K64', (1, [10, 3, 11, 4, 2]), 575]: 97750
['Q6K57', (1, [10, 4, 11, 3, 5]), 301]: 51471
['Q74JA', (1, [10, 5, 2, 9, 12]), 237]: 40764
['Q76TJ', (1, [10, 5, 4, 8, 9]), 331]: 57263
['Q83TA', (1, [10, 6, 1, 8, 12]), 282]: 49068
['Q8K23', (1, [10, 6, 11, 0, 1]), 628]: 109900
['Q8K49', (1, [10, 6, 11, 2, 7]), 158]: 27808
['Q954A', (1, [10, 7, 3, 2, 12]), 958]: 169566
['Q958T', (1, [10, 7, 3, 6, 8]), 308]: 54824
['Q9A75', (1, [10, 7, 12, 5, 3]), 72]: 12888
['QJ3A4', (1, [10, 9, 1, 12, 2]), 184]: 33120
['QJT27', (1, [10, 9, 8, 0, 5]), 901]: 163081
['K29J4', (1, [11, 0, 7, 9, 2]), 433]: 78806
['K2TQ9', (1, [11, 0, 8, 10, 7]), 644]: 117852
['K369Q', (1, [11, 1, 4, 7, 10]), 340]: 62560
['K378T', (1, [11, 1, 5, 6, 8]), 960]: 177600
['K4935', (1, [11, 2, 7, 1, 3]), 933]: 173538
['K4AJ3', (1, [11, 2, 12, 9, 1]), 659]: 123233
['K52A3', (1, [11, 3, 0, 12, 1]), 601]: 112988
['K5427', (1, [11, 3, 2, 0, 5]), 475]: 89775
['K6754', (1, [11, 4, 5, 3, 2]), 488]: 92720
['K78JT', (1, [11, 5, 6, 9, 8]), 519]: 99129
['K7QA9', (1, [11, 5, 10, 12, 7]), 241]: 46272
['KT245', (1, [11, 8, 0, 2, 3]), 620]: 119660
['KT2J3', (1, [11, 8, 0, 9, 1]), 462]: 89628
['KT36J', (1, [11, 8, 1, 4, 9]), 551]: 107445
['KJQ93', (1, [11, 9, 10, 7, 1]), 802]: 157192
['KQ5A3', (1, [11, 10, 3, 12, 1]), 532]: 104804
['KQ935', (1, [11, 10, 7, 1, 3]), 848]: 167904
['KA458', (1, [11, 12, 2, 3, 6]), 467]: 92933
['KA549', (1, [11, 12, 3, 2, 7]), 363]: 72600
['A237J', (1, [12, 0, 1, 5, 9]), 459]: 92259
['A254K', (1, [12, 0, 3, 2, 11]), 992]: 200384
['A28K7', (1, [12, 0, 6, 11, 5]), 935]: 189805
['A3KJ8', (1, [12, 1, 11, 9, 6]), 510]: 104040
['A4325', (1, [12, 2, 1, 0, 3]), 290]: 59450
['A53K6', (1, [12, 3, 1, 11, 4]), 957]: 197142
['A5687', (1, [12, 3, 4, 6, 5]), 307]: 63549
['A65JT', (1, [12, 4, 3, 9, 8]), 981]: 204048
['A8Q9J', (1, [12, 6, 10, 7, 9]), 403]: 84227
['A942K', (1, [12, 7, 2, 0, 11]), 292]: 61320
['A94TJ', (1, [12, 7, 2, 8, 9]), 435]: 91785
['A975T', (1, [12, 7, 5, 3, 8]), 160]: 33920
['A987J', (1, [12, 7, 6, 5, 9]), 686]: 146118
['A9T34', (1, [12, 7, 8, 1, 2]), 723]: 154722
['AT936', (1, [12, 8, 7, 1, 4]), 671]: 144265
['AKT32', (1, [12, 11, 8, 1, 0]), 304]: 65664
['225J6', (2, [0, 0, 3, 9, 4]), 9]: 1953
['22893', (2, [0, 0, 6, 7, 1]), 698]: 152164
['228KA', (2, [0, 0, 6, 11, 12]), 203]: 44457
['22Q68', (2, [0, 0, 10, 4, 6]), 324]: 71280
['23Q25', (2, [0, 1, 10, 0, 3]), 602]: 133042
['24QQA', (2, [0, 2, 10, 10, 12]), 843]: 187146
['254T5', (2, [0, 3, 2, 8, 3]), 849]: 189327
['25844', (2, [0, 3, 6, 2, 2]), 204]: 45696
['25A58', (2, [0, 3, 12, 3, 6]), 626]: 140850
['26289', (2, [0, 4, 0, 6, 7]), 295]: 66670
['26887', (2, [0, 4, 6, 6, 5]), 245]: 55615
['276Q7', (2, [0, 5, 4, 10, 5]), 410]: 93480
['28494', (2, [0, 6, 2, 7, 2]), 486]: 111294
['295T5', (2, [0, 7, 3, 8, 3]), 422]: 97060
['2TT83', (2, [0, 8, 8, 6, 1]), 206]: 47586
['2J8QQ', (2, [0, 9, 6, 10, 10]), 967]: 224344
['2J924', (2, [0, 9, 7, 0, 2]), 250]: 58250
['2JKKT', (2, [0, 9, 11, 11, 8]), 576]: 134784
['2Q48Q', (2, [0, 10, 2, 6, 10]), 481]: 113035
['2QA9A', (2, [0, 10, 12, 7, 12]), 269]: 63484
['2A2T6', (2, [0, 12, 0, 8, 4]), 937]: 222069
['336K7', (2, [1, 1, 4, 11, 5]), 180]: 42840
['33J48', (2, [1, 1, 9, 2, 6]), 715]: 170885
['33JAK', (2, [1, 1, 9, 12, 11]), 525]: 126000
['347J3', (2, [1, 2, 5, 9, 1]), 144]: 34704
['3653J', (2, [1, 4, 3, 1, 9]), 434]: 105028
['365A6', (2, [1, 4, 3, 12, 4]), 508]: 123444
['366Q9', (2, [1, 4, 4, 10, 7]), 240]: 58560
['36774', (2, [1, 4, 5, 5, 2]), 187]: 45815
['373J8', (2, [1, 5, 1, 9, 6]), 492]: 121032
['3766J', (2, [1, 5, 4, 4, 9]), 622]: 153634
['3882J', (2, [1, 6, 6, 0, 9]), 393]: 97464
['389T3', (2, [1, 6, 7, 8, 1]), 225]: 56025
['38Q43', (2, [1, 6, 10, 2, 1]), 199]: 49750
['392J9', (2, [1, 7, 0, 9, 7]), 578]: 145078
['3J25J', (2, [1, 9, 0, 3, 9]), 104]: 26208
['3J55T', (2, [1, 9, 3, 3, 8]), 99]: 25047
['3QT23', (2, [1, 10, 8, 0, 1]), 594]: 150876
['3K878', (2, [1, 11, 6, 5, 6]), 66]: 16830
['449QJ', (2, [2, 2, 7, 10, 9]), 651]: 166656
['4553Q', (2, [2, 3, 3, 1, 10]), 40]: 10280
['46342', (2, [2, 4, 1, 2, 0]), 157]: 40506
['47584', (2, [2, 5, 3, 6, 2]), 124]: 32116
['4784Q', (2, [2, 5, 6, 2, 10]), 543]: 141180
['49524', (2, [2, 7, 3, 0, 2]), 645]: 168345
['4T5JJ', (2, [2, 8, 3, 9, 9]), 544]: 142528
['4J299', (2, [2, 9, 0, 7, 7]), 730]: 191990
['4J92J', (2, [2, 9, 7, 0, 9]), 2]: 528
['4J9QQ', (2, [2, 9, 7, 10, 10]), 409]: 108385
['4JKTJ', (2, [2, 9, 11, 8, 9]), 558]: 148428
['4Q7K4', (2, [2, 10, 5, 11, 2]), 360]: 96120
['4KJ46', (2, [2, 11, 9, 2, 4]), 773]: 207164
['4KK8J', (2, [2, 11, 11, 6, 9]), 563]: 151447
['5227J', (2, [3, 0, 0, 5, 9]), 23]: 6210
['522JT', (2, [3, 0, 0, 9, 8]), 842]: 228182
['53693', (2, [3, 1, 4, 7, 1]), 716]: 194752
['5453T', (2, [3, 2, 3, 1, 8]), 366]: 99918
['54779', (2, [3, 2, 5, 5, 7]), 159]: 43566
['54886', (2, [3, 2, 6, 6, 4]), 470]: 129250
['54J5K', (2, [3, 2, 9, 3, 11]), 617]: 170292
['57494', (2, [3, 5, 2, 7, 2]), 749]: 207473
['57J53', (2, [3, 5, 9, 3, 1]), 581]: 161518
['585AT', (2, [3, 6, 3, 12, 8]), 443]: 123597
['586K5', (2, [3, 6, 4, 11, 3]), 464]: 129920
['595KT', (2, [3, 7, 3, 11, 8]), 121]: 34001
['59946', (2, [3, 7, 7, 2, 4]), 140]: 39480
['599K4', (2, [3, 7, 7, 11, 2]), 699]: 197817
['5T54J', (2, [3, 8, 3, 2, 9]), 111]: 31524
['5T7AA', (2, [3, 8, 5, 12, 12]), 93]: 26505
['5T8TJ', (2, [3, 8, 6, 8, 9]), 736]: 210496
['5J92J', (2, [3, 9, 7, 0, 9]), 616]: 176792
['5QQJ4', (2, [3, 10, 10, 9, 2]), 956]: 275328
['5AJ59', (2, [3, 12, 9, 3, 7]), 209]: 60401
['626T5', (2, [4, 0, 4, 8, 3]), 647]: 187630
['6456T', (2, [4, 2, 3, 4, 8]), 417]: 121347
['648A6', (2, [4, 2, 6, 12, 4]), 887]: 259004
['64Q4K', (2, [4, 2, 10, 2, 11]), 254]: 74422
['6769A', (2, [4, 5, 4, 7, 12]), 889]: 261366
['67JA7', (2, [4, 5, 9, 12, 5]), 312]: 92040
['68277', (2, [4, 6, 0, 5, 5]), 267]: 79032
['689J6', (2, [4, 6, 7, 9, 4]), 681]: 202257
['69TQ6', (2, [4, 7, 8, 10, 4]), 30]: 8940
['6T2TQ', (2, [4, 8, 0, 8, 10]), 406]: 121394
['6TJ55', (2, [4, 8, 9, 3, 3]), 694]: 208200
['6J6K5', (2, [4, 9, 4, 11, 3]), 538]: 161938
['6JQ64', (2, [4, 9, 10, 4, 2]), 555]: 167610
['6Q77K', (2, [4, 10, 5, 5, 11]), 60]: 18180
['6QJ6K', (2, [4, 10, 9, 4, 11]), 412]: 125248
['6K554', (2, [4, 11, 3, 3, 2]), 217]: 66185
['6K9T9', (2, [4, 11, 7, 8, 7]), 852]: 260712
['6AJ5A', (2, [4, 12, 9, 3, 12]), 258]: 79206
['6AJ65', (2, [4, 12, 9, 4, 3]), 964]: 296912
['7232K', (2, [5, 0, 1, 0, 11]), 718]: 221862
['733JA', (2, [5, 1, 1, 9, 12]), 883]: 273730
['748J4', (2, [5, 2, 6, 9, 2]), 826]: 256886
['74TA7', (2, [5, 2, 8, 12, 5]), 211]: 65832
['75Q5J', (2, [5, 3, 10, 3, 9]), 26]: 8138
['7669J', (2, [5, 4, 4, 7, 9]), 603]: 189342
['78522', (2, [5, 6, 3, 0, 0]), 545]: 171675
['78957', (2, [5, 6, 7, 3, 5]), 162]: 51192
['78KJ8', (2, [5, 6, 11, 9, 6]), 873]: 276741
['794A7', (2, [5, 7, 2, 12, 5]), 704]: 223872
['79768', (2, [5, 7, 5, 4, 6]), 569]: 181511
['7T274', (2, [5, 8, 0, 5, 2]), 220]: 70400
['7T758', (2, [5, 8, 5, 3, 6]), 805]: 258405
['7T783', (2, [5, 8, 5, 6, 1]), 567]: 182574
['7TAA2', (2, [5, 8, 12, 12, 0]), 365]: 117895
['7J2JT', (2, [5, 9, 0, 9, 8]), 613]: 198612
['7J579', (2, [5, 9, 3, 5, 7]), 665]: 216125
['7JT47', (2, [5, 9, 8, 2, 5]), 924]: 301224
['7JKJA', (2, [5, 9, 11, 9, 12]), 936]: 306072
['833A9', (2, [6, 1, 1, 12, 7]), 917]: 300776
['8442T', (2, [6, 2, 2, 0, 8]), 928]: 305312
['844T3', (2, [6, 2, 2, 8, 1]), 276]: 91080
['8578J', (2, [6, 3, 5, 6, 9]), 706]: 233686
['858Q4', (2, [6, 3, 6, 10, 2]), 738]: 245016
['85J45', (2, [6, 3, 9, 2, 3]), 766]: 255078
['85J4J', (2, [6, 3, 9, 2, 9]), 834]: 278556
['85Q75', (2, [6, 3, 10, 5, 3]), 251]: 84085
['8772J', (2, [6, 5, 5, 0, 9]), 473]: 158928
['884TJ', (2, [6, 6, 2, 8, 9]), 192]: 64704
['8897A', (2, [6, 6, 7, 5, 12]), 342]: 115596
['898TA', (2, [6, 7, 6, 8, 12]), 794]: 269166
['8TTQ5', (2, [6, 8, 8, 10, 3]), 252]: 85680
['8J82T', (2, [6, 9, 6, 0, 8]), 732]: 249612
['8JA8K', (2, [6, 9, 12, 6, 11]), 288]: 98496
['8Q985', (2, [6, 10, 7, 6, 3]), 176]: 60368
['8QK3K', (2, [6, 10, 11, 1, 11]), 774]: 266256
['8KJJA', (2, [6, 11, 9, 9, 12]), 356]: 122820
['8A3A2', (2, [6, 12, 1, 12, 0]), 38]: 13148
['8A662', (2, [6, 12, 4, 4, 0]), 920]: 319240
['8AQ44', (2, [6, 12, 10, 2, 2]), 691]: 240468
['8AAJQ', (2, [6, 12, 12, 9, 10]), 36]: 12564
['92JTJ', (2, [7, 0, 9, 8, 9]), 654]: 228900
['96JKK', (2, [7, 4, 9, 11, 11]), 183]: 64233
['96A9K', (2, [7, 4, 12, 7, 11]), 868]: 305536
['977JQ', (2, [7, 5, 5, 9, 10]), 709]: 250277
['9848T', (2, [7, 6, 2, 6, 8]), 771]: 272934
['985T9', (2, [7, 6, 3, 8, 7]), 378]: 134190
['98J92', (2, [7, 6, 9, 7, 0]), 608]: 216448
['992JQ', (2, [7, 7, 0, 9, 10]), 335]: 119595
['994J7', (2, [7, 7, 2, 9, 5]), 207]: 74106
['995AJ', (2, [7, 7, 3, 12, 9]), 643]: 230837
['99J86', (2, [7, 7, 9, 6, 4]), 668]: 240480
['99JKA', (2, [7, 7, 9, 11, 12]), 408]: 147288
['9J588', (2, [7, 9, 3, 6, 6]), 748]: 270776
['9QKQ5', (2, [7, 10, 11, 10, 3]), 309]: 112167
['9K7AK', (2, [7, 11, 5, 12, 11]), 587]: 213668
['9A2JJ', (2, [7, 12, 0, 9, 9]), 820]: 299300
['T2279', (2, [8, 0, 0, 5, 7]), 118]: 43188
['T3J9J', (2, [8, 1, 9, 7, 9]), 950]: 348650
['T3A6T', (2, [8, 1, 12, 4, 8]), 341]: 125488
['T43TJ', (2, [8, 2, 1, 8, 9]), 713]: 263097
['T4JKT', (2, [8, 2, 9, 11, 8]), 892]: 330040
['T67T3', (2, [8, 4, 5, 8, 1]), 421]: 156191
['T7TKA', (2, [8, 5, 8, 11, 12]), 655]: 243660
['T868Q', (2, [8, 6, 4, 6, 10]), 238]: 88774
['T99QA', (2, [8, 7, 7, 10, 12]), 993]: 371382
['T9Q9J', (2, [8, 7, 10, 7, 9]), 905]: 339375
['TT8A2', (2, [8, 8, 6, 12, 0]), 690]: 259440
['TT938', (2, [8, 8, 7, 1, 6]), 213]: 80301
['TTJ63', (2, [8, 8, 9, 4, 1]), 346]: 130788
['TJ3QJ', (2, [8, 9, 1, 10, 9]), 277]: 104983
['TKQQ9', (2, [8, 11, 10, 10, 7]), 485]: 184300
['J2KKA', (2, [9, 0, 11, 11, 12]), 629]: 239649
['J2A26', (2, [9, 0, 12, 0, 4]), 772]: 294904
['J3424', (2, [9, 1, 2, 0, 2]), 720]: 275760
['J3T35', (2, [9, 1, 8, 1, 3]), 564]: 216576
['J4456', (2, [9, 2, 2, 3, 4]), 441]: 169785
['J4AA9', (2, [9, 2, 12, 12, 7]), 853]: 329258
['J52J6', (2, [9, 3, 0, 9, 4]), 447]: 172989
['J65T6', (2, [9, 4, 3, 8, 4]), 775]: 300700
['J779K', (2, [9, 5, 5, 7, 11]), 239]: 92971
['J7QK7', (2, [9, 5, 10, 11, 5]), 439]: 171210
['J7A4A', (2, [9, 5, 12, 2, 12]), 946]: 369886
['J8789', (2, [9, 6, 5, 6, 7]), 740]: 290080
['J8TJ3', (2, [9, 6, 8, 9, 1]), 105]: 41265
['J9A2A', (2, [9, 7, 12, 0, 12]), 781]: 307714
['JT228', (2, [9, 8, 0, 0, 6]), 970]: 383150
['JT4QJ', (2, [9, 8, 2, 10, 9]), 856]: 338976
['JT9T4', (2, [9, 8, 7, 8, 2]), 51]: 20247
['JTT75', (2, [9, 8, 8, 5, 3]), 786]: 312828
['JTT79', (2, [9, 8, 8, 5, 7]), 666]: 265734
['JJ62A', (2, [9, 9, 4, 0, 12]), 440]: 176000
['JJ842', (2, [9, 9, 6, 2, 0]), 450]: 180450
['JQ2Q5', (2, [9, 10, 0, 10, 3]), 112]: 45024
['JQJ85', (2, [9, 10, 9, 6, 3]), 80]: 32240
['JK4AJ', (2, [9, 11, 2, 12, 9]), 463]: 187052
['JK9KQ', (2, [9, 11, 7, 11, 10]), 61]: 24705
['JKQ2Q', (2, [9, 11, 10, 0, 10]), 320]: 129920
['JKQQT', (2, [9, 11, 10, 10, 8]), 500]: 203500
['JKK28', (2, [9, 11, 11, 0, 6]), 863]: 352104
['JA22K', (2, [9, 12, 0, 0, 11]), 270]: 110430
['JA266', (2, [9, 12, 0, 4, 4]), 64]: 26240
['JAT77', (2, [9, 12, 8, 5, 5]), 244]: 100284
['Q2337', (2, [10, 0, 1, 1, 5]), 919]: 378628
['Q4K48', (2, [10, 2, 11, 2, 6]), 994]: 410522
['Q4K77', (2, [10, 2, 11, 5, 5]), 275]: 113850
['Q5527', (2, [10, 3, 3, 0, 5]), 109]: 45235
['Q6Q39', (2, [10, 4, 10, 1, 7]), 911]: 378976
['Q899J', (2, [10, 6, 7, 7, 9]), 737]: 307329
['Q969J', (2, [10, 7, 4, 7, 9]), 896]: 374528
['QTQ7J', (2, [10, 8, 10, 5, 9]), 380]: 159220
['QJKJ2', (2, [10, 9, 11, 9, 0]), 348]: 146160
['QQ497', (2, [10, 10, 2, 7, 5]), 70]: 29470
['QQA96', (2, [10, 10, 12, 7, 4]), 605]: 255310
['QA3QJ', (2, [10, 12, 1, 10, 9]), 212]: 89676
['K2KA9', (2, [11, 0, 11, 12, 7]), 350]: 148400
['K3K5J', (2, [11, 1, 11, 3, 9]), 909]: 386325
['K4KA3', (2, [11, 2, 11, 12, 1]), 541]: 230466
['K5K4A', (2, [11, 3, 11, 2, 12]), 296]: 126392
['K6898', (2, [11, 4, 6, 7, 6]), 321]: 137388
['K76T6', (2, [11, 5, 4, 8, 4]), 319]: 136851
['K99J3', (2, [11, 7, 7, 9, 1]), 757]: 325510
['K9J4K', (2, [11, 7, 9, 2, 11]), 744]: 320664
['K9QK6', (2, [11, 7, 10, 11, 4]), 85]: 36720
['KT3JK', (2, [11, 8, 1, 9, 11]), 604]: 261532
['KTT36', (2, [11, 8, 8, 1, 4]), 148]: 64232
['KJ5T5', (2, [11, 9, 3, 8, 3]), 724]: 314940
['KJJ43', (2, [11, 9, 9, 2, 1]), 997]: 434692
['KJJAT', (2, [11, 9, 9, 12, 8]), 679]: 296723
['KQQ3T', (2, [11, 10, 10, 1, 8]), 833]: 364854
['KK46Q', (2, [11, 11, 2, 4, 10]), 329]: 144431
['KK598', (2, [11, 11, 3, 7, 6]), 246]: 108240
['KKJ4T', (2, [11, 11, 9, 2, 8]), 546]: 240786
['KA5A6', (2, [11, 12, 3, 12, 4]), 944]: 417248
['KAK84', (2, [11, 12, 11, 6, 2]), 197]: 87271
['A23Q2', (2, [12, 0, 1, 10, 0]), 862]: 382728
['A375A', (2, [12, 1, 5, 3, 12]), 79]: 35155
['A3858', (2, [12, 1, 6, 3, 6]), 14]: 6244
['A3KQ3', (2, [12, 1, 11, 10, 1]), 489]: 218583
['A4432', (2, [12, 2, 2, 1, 0]), 8]: 3584
['A46K6', (2, [12, 2, 4, 11, 4]), 657]: 294993
['A4QTQ', (2, [12, 2, 10, 8, 10]), 259]: 116550
['A727J', (2, [12, 5, 0, 5, 9]), 646]: 291346
['A7A6T', (2, [12, 5, 12, 4, 8]), 311]: 140572
['A8J5J', (2, [12, 6, 9, 3, 9]), 809]: 366477
['AT7TJ', (2, [12, 8, 5, 8, 9]), 632]: 286928
['ATAJ4', (2, [12, 8, 12, 9, 2]), 669]: 304395
['AJ755', (2, [12, 9, 5, 3, 3]), 369]: 168264
['AJ7J4', (2, [12, 9, 5, 9, 2]), 373]: 170461
['AJ9QA', (2, [12, 9, 7, 10, 12]), 452]: 207016
['AJA2Q', (2, [12, 9, 12, 0, 10]), 1]: 459
['AJA7T', (2, [12, 9, 12, 5, 8]), 505]: 232300
['AQ686', (2, [12, 10, 4, 6, 4]), 391]: 180251
['AA369', (2, [12, 12, 1, 4, 7]), 783]: 361746
['AA6K9', (2, [12, 12, 4, 11, 7]), 765]: 354195
['AA8KT', (2, [12, 12, 6, 11, 8]), 784]: 363776
['226K6', (3, [0, 0, 4, 11, 4]), 88]: 40920
['24466', (3, [0, 2, 2, 4, 4]), 154]: 71764
['27744', (3, [0, 5, 5, 2, 2]), 383]: 178861
['27T27', (3, [0, 5, 8, 0, 5]), 692]: 323856
['27A27', (3, [0, 5, 12, 0, 5]), 230]: 107870
['28K82', (3, [0, 6, 11, 6, 0]), 368]: 172960
['29429', (3, [0, 7, 2, 0, 7]), 44]: 20724
['2JJKK', (3, [0, 9, 9, 11, 11]), 609]: 287448
['2JQQ2', (3, [0, 9, 10, 10, 0]), 685]: 324005
['2Q277', (3, [0, 10, 0, 5, 5]), 600]: 284400
['2KJK2', (3, [0, 11, 9, 11, 0]), 677]: 321575
['33858', (3, [1, 1, 6, 3, 6]), 959]: 456484
['33JTT', (3, [1, 1, 9, 8, 8]), 95]: 45315
['343AA', (3, [1, 2, 1, 12, 12]), 71]: 33938
['34643', (3, [1, 2, 4, 2, 1]), 818]: 391822
['37367', (3, [1, 5, 1, 4, 5]), 343]: 164640
['37JJ3', (3, [1, 5, 9, 9, 1]), 418]: 201058
['38344', (3, [1, 6, 1, 2, 2]), 999]: 481518
['383QQ', (3, [1, 6, 1, 10, 10]), 120]: 57960
['3J553', (3, [1, 9, 3, 3, 1]), 221]: 106964
['3JA3A', (3, [1, 9, 12, 1, 12]), 21]: 10185
['3Q66Q', (3, [1, 10, 4, 4, 10]), 87]: 42282
['42255', (3, [2, 0, 0, 3, 3]), 503]: 244961
['42949', (3, [2, 0, 7, 2, 7]), 507]: 247416
['44KKJ', (3, [2, 2, 11, 11, 9]), 1000]: 489000
['454J5', (3, [2, 3, 2, 9, 3]), 423]: 207270
['48847', (3, [2, 6, 6, 2, 5]), 116]: 56956
['48948', (3, [2, 6, 7, 2, 6]), 223]: 109716
['4T455', (3, [2, 8, 2, 3, 3]), 653]: 321929
['4T4JJ', (3, [2, 8, 2, 9, 9]), 549]: 271206
['4TT24', (3, [2, 8, 8, 0, 2]), 788]: 390060
['4TT45', (3, [2, 8, 8, 2, 3]), 922]: 457312
['4TTQ4', (3, [2, 8, 8, 10, 2]), 430]: 213710
['4TQQ4', (3, [2, 8, 10, 10, 2]), 425]: 211650
['4JJ46', (3, [2, 9, 9, 2, 4]), 779]: 388721
['4JJ77', (3, [2, 9, 9, 5, 5]), 327]: 163500
['4QQ4A', (3, [2, 10, 10, 2, 12]), 858]: 429858
['4QQJ4', (3, [2, 10, 10, 9, 2]), 151]: 75802
['4A242', (3, [2, 12, 0, 2, 0]), 431]: 216793
['4A499', (3, [2, 12, 2, 7, 7]), 717]: 361368
['55A88', (3, [3, 3, 12, 6, 6]), 637]: 321685
['55A9A', (3, [3, 3, 12, 7, 12]), 966]: 488796
['56699', (3, [3, 4, 4, 7, 7]), 131]: 66417
['57457', (3, [3, 5, 2, 3, 5]), 84]: 42672
['57975', (3, [3, 5, 7, 5, 3]), 861]: 438249
['57J7J', (3, [3, 5, 9, 5, 9]), 328]: 167280
['59393', (3, [3, 7, 1, 7, 1]), 56]: 28616
['59953', (3, [3, 7, 7, 3, 1]), 915]: 468480
['59J5J', (3, [3, 7, 9, 3, 9]), 185]: 94905
['5T57T', (3, [3, 8, 3, 5, 8]), 986]: 506804
['5TT5J', (3, [3, 8, 8, 3, 9]), 20]: 10300
['5J588', (3, [3, 9, 3, 6, 6]), 559]: 288444
['5J599', (3, [3, 9, 3, 7, 7]), 416]: 215072
['5J656', (3, [3, 9, 4, 3, 4]), 315]: 163170
['5Q522', (3, [3, 10, 3, 0, 0]), 229]: 118851
['5K656', (3, [3, 11, 4, 3, 4]), 293]: 152360
['5K7K7', (3, [3, 11, 5, 11, 5]), 83]: 43243
['63643', (3, [4, 1, 4, 2, 1]), 344]: 179568
['63863', (3, [4, 1, 6, 4, 1]), 947]: 495281
['63J6J', (3, [4, 1, 9, 4, 9]), 54]: 28296
['63A6A', (3, [4, 1, 12, 4, 12]), 983]: 516075
['6464Q', (3, [4, 2, 4, 2, 10]), 297]: 156222
['667JJ', (3, [4, 4, 5, 9, 9]), 910]: 479570
['66J33', (3, [4, 4, 9, 1, 1]), 636]: 335808
['6767T', (3, [4, 5, 4, 5, 8]), 81]: 42849
['68383', (3, [4, 6, 1, 6, 1]), 923]: 489190
['6TAAT', (3, [4, 8, 12, 12, 8]), 728]: 386568
['6JKKJ', (3, [4, 9, 11, 11, 9]), 146]: 77672
['6K3K6', (3, [4, 11, 1, 11, 4]), 689]: 367237
['6K446', (3, [4, 11, 2, 2, 4]), 29]: 15486
['722JJ', (3, [5, 0, 0, 9, 9]), 955]: 510925
['73388', (3, [5, 1, 1, 6, 6]), 169]: 90584
['744K7', (3, [5, 2, 2, 11, 5]), 683]: 366771
['76644', (3, [5, 4, 4, 2, 2]), 394]: 211972
['77229', (3, [5, 5, 0, 0, 7]), 96]: 51744
['77A55', (3, [5, 5, 12, 3, 3]), 62]: 33480
['78487', (3, [5, 6, 2, 6, 5]), 478]: 258598
['787AA', (3, [5, 6, 5, 12, 12]), 902]: 488884
['78Q78', (3, [5, 6, 10, 5, 6]), 130]: 70590
['79379', (3, [5, 7, 1, 5, 7]), 89]: 48416
['79922', (3, [5, 7, 7, 0, 0]), 570]: 310650
['7QQ27', (3, [5, 10, 10, 0, 5]), 764]: 417144
['7K722', (3, [5, 11, 5, 0, 0]), 362]: 198014
['7A744', (3, [5, 12, 5, 2, 2]), 385]: 210980
['7A7AJ', (3, [5, 12, 5, 12, 9]), 402]: 220698
['822A8', (3, [6, 0, 0, 12, 6]), 592]: 325600
['82448', (3, [6, 0, 2, 2, 6]), 222]: 122322
['82Q2Q', (3, [6, 0, 10, 0, 10]), 792]: 437184
['83843', (3, [6, 1, 6, 2, 1]), 384]: 212352
['838J3', (3, [6, 1, 6, 9, 1]), 117]: 64818
['85587', (3, [6, 3, 3, 6, 5]), 596]: 330780
['858KK', (3, [6, 3, 6, 11, 11]), 357]: 198492
['88522', (3, [6, 6, 3, 0, 0]), 480]: 267360
['89896', (3, [6, 7, 6, 7, 4]), 904]: 504432
['8998J', (3, [6, 7, 7, 6, 9]), 855]: 477945
['8J85J', (3, [6, 9, 6, 3, 9]), 469]: 262640
['8JJ44', (3, [6, 9, 9, 2, 2]), 345]: 193545
['8JJ8T', (3, [6, 9, 9, 6, 8]), 123]: 69126
['8KAK8', (3, [6, 11, 12, 11, 6]), 429]: 241527
['8A58A', (3, [6, 12, 3, 6, 12]), 442]: 249288
['8A5A5', (3, [6, 12, 3, 12, 3]), 930]: 525450
['92293', (3, [7, 0, 0, 7, 1]), 74]: 41884
['92J92', (3, [7, 0, 9, 7, 0]), 172]: 97524
['96955', (3, [7, 4, 7, 3, 3]), 249]: 141432
['96J96', (3, [7, 4, 9, 7, 4]), 678]: 385782
['9797T', (3, [7, 5, 7, 5, 8]), 286]: 163020
['99K22', (3, [7, 7, 11, 0, 0]), 483]: 275793
['99A7A', (3, [7, 7, 12, 5, 12]), 803]: 459316
['9TJT9', (3, [7, 8, 9, 8, 7]), 226]: 129498
['9JJ22', (3, [7, 9, 9, 0, 0]), 648]: 371952
['9QA9A', (3, [7, 10, 12, 7, 12]), 759]: 436425
['9A92A', (3, [7, 12, 7, 0, 12]), 351]: 202176
['9AAJ9', (3, [7, 12, 12, 9, 7]), 444]: 256188
['T3993', (3, [8, 1, 7, 7, 1]), 931]: 538118
['T5KKT', (3, [8, 3, 11, 11, 8]), 874]: 506046
['T66TJ', (3, [8, 4, 4, 8, 9]), 382]: 221560
['T6TQ6', (3, [8, 4, 8, 10, 4]), 97]: 56357
['T7T7Q', (3, [8, 5, 8, 5, 10]), 568]: 330576
['T988T', (3, [8, 7, 6, 6, 8]), 262]: 152746
['TT2J2', (3, [8, 8, 0, 9, 0]), 150]: 87600
['TT8J8', (3, [8, 8, 6, 9, 6]), 984]: 575640
['TT9JJ', (3, [8, 8, 7, 9, 9]), 618]: 362148
['TJKKT', (3, [8, 9, 11, 11, 8]), 302]: 177274
['TQTJQ', (3, [8, 10, 8, 9, 10]), 591]: 347508
['TQQT6', (3, [8, 10, 10, 8, 4]), 5]: 2945
['TK4TK', (3, [8, 11, 2, 8, 11]), 15]: 8850
['J2323', (3, [9, 0, 1, 0, 1]), 263]: 155433
['J2727', (3, [9, 0, 5, 0, 5]), 734]: 434528
['J3QJQ', (3, [9, 1, 10, 9, 10]), 753]: 446529
['J4488', (3, [9, 2, 2, 6, 6]), 413]: 245322
['J77TT', (3, [9, 5, 5, 8, 8]), 872]: 518840
['J7JQQ', (3, [9, 5, 9, 10, 10]), 298]: 177608
['J8J48', (3, [9, 6, 9, 2, 6]), 815]: 486555
['J8A8A', (3, [9, 6, 12, 6, 12]), 973]: 581854
['J992J', (3, [9, 7, 7, 0, 9]), 133]: 79667
['JTAAT', (3, [9, 8, 12, 12, 8]), 539]: 323400
['JJ343', (3, [9, 9, 1, 2, 1]), 218]: 131018
['JJ5K5', (3, [9, 9, 3, 11, 3]), 941]: 566482
['JJ737', (3, [9, 9, 5, 1, 5]), 493]: 297279
['JJA99', (3, [9, 9, 12, 7, 7]), 573]: 346092
['JQ33Q', (3, [9, 10, 1, 1, 10]), 291]: 176055
['JQJQ4', (3, [9, 10, 9, 10, 2]), 574]: 347844
['JQQ77', (3, [9, 10, 10, 5, 5]), 110]: 66770
['JKK33', (3, [9, 11, 11, 1, 1]), 509]: 309472
['JAJ55', (3, [9, 12, 9, 3, 3]), 854]: 520086
['Q292Q', (3, [10, 0, 7, 0, 10]), 511]: 311710
['Q299Q', (3, [10, 0, 7, 7, 10]), 976]: 596336
['Q3QA3', (3, [10, 1, 10, 12, 1]), 494]: 302328
['Q3KQ3', (3, [10, 1, 11, 10, 1]), 371]: 227423
['Q5656', (3, [10, 3, 4, 3, 4]), 379]: 232706
['Q6T6Q', (3, [10, 4, 8, 4, 10]), 499]: 306885
['Q6Q6J', (3, [10, 4, 10, 4, 9]), 599]: 368984
['Q8T8Q', (3, [10, 6, 8, 6, 10]), 457]: 281969
['Q9229', (3, [10, 7, 0, 0, 7]), 948]: 585864
['Q9QK9', (3, [10, 7, 10, 11, 7]), 404]: 250076
['QTAAT', (3, [10, 8, 12, 12, 8]), 314]: 194680
['QQTT8', (3, [10, 10, 8, 8, 6]), 968]: 601128
['QKKQ2', (3, [10, 11, 11, 10, 0]), 721]: 448462
['QKKQT', (3, [10, 11, 11, 10, 8]), 583]: 363209
['K2K26', (3, [11, 0, 11, 0, 4]), 800]: 499200
['K3399', (3, [11, 1, 1, 7, 7]), 822]: 513750
['K44K9', (3, [11, 2, 2, 11, 7]), 695]: 435070
['K4848', (3, [11, 2, 6, 2, 6]), 888]: 556776
['K6T6K', (3, [11, 4, 8, 4, 11]), 171]: 107388
['K78K8', (3, [11, 5, 6, 11, 6]), 942]: 592518
['K89K9', (3, [11, 6, 7, 11, 7]), 458]: 288540
['K9KJ9', (3, [11, 7, 11, 9, 7]), 987]: 622797
['KK55Q', (3, [11, 11, 3, 3, 10]), 37]: 23384
['A3KAK', (3, [12, 1, 11, 12, 11]), 381]: 241173
['A4JJ4', (3, [12, 2, 9, 9, 2]), 807]: 511638
['A5KA5', (3, [12, 3, 11, 12, 3]), 865]: 549275
['A5A5J', (3, [12, 3, 12, 3, 9]), 639]: 406404
['A696A', (3, [12, 4, 7, 4, 12]), 561]: 357357
['A773A', (3, [12, 5, 5, 1, 12]), 918]: 585684
['A828A', (3, [12, 6, 0, 6, 12]), 165]: 105435
['AJA22', (3, [12, 9, 12, 0, 0]), 515]: 329600
['AQ7AQ', (3, [12, 10, 5, 12, 10]), 4]: 2564
['AK44K', (3, [12, 11, 2, 2, 11]), 317]: 203514
['AKQAQ', (3, [12, 11, 10, 12, 10]), 490]: 315070
['AA699', (3, [12, 12, 4, 7, 7]), 641]: 412804
['AATT4', (3, [12, 12, 8, 8, 2]), 47]: 30315
['AATQQ', (3, [12, 12, 8, 10, 10]), 24]: 15504
['AAJKK', (3, [12, 12, 9, 11, 11]), 472]: 305384
['AAQJJ', (3, [12, 12, 10, 9, 9]), 67]: 43416
['AAQJQ', (3, [12, 12, 10, 9, 10]), 316]: 205084
['222K8', (4, [0, 0, 0, 11, 6]), 607]: 394550
['2272T', (4, [0, 0, 5, 0, 8]), 755]: 491505
['23J22', (4, [0, 1, 9, 0, 0]), 878]: 572456
['242J2', (4, [0, 2, 0, 9, 0]), 45]: 29385
['26766', (4, [0, 4, 5, 4, 4]), 703]: 459762
['29959', (4, [0, 7, 7, 3, 7]), 580]: 379900
['2TTT9', (4, [0, 8, 8, 8, 7]), 49]: 32144
['2J225', (4, [0, 9, 0, 0, 3]), 474]: 311418
['2Q22A', (4, [0, 10, 0, 0, 12]), 396]: 260568
['2QQTQ', (4, [0, 10, 10, 8, 10]), 178]: 117302
['2K888', (4, [0, 11, 6, 6, 6]), 437]: 288420
['2K8KK', (4, [0, 11, 6, 11, 11]), 191]: 126251
['2AA8A', (4, [0, 12, 12, 6, 12]), 881]: 583222
['333T8', (4, [1, 1, 1, 8, 6]), 411]: 272493
['33493', (4, [1, 1, 2, 7, 1]), 819]: 543816
['33J32', (4, [1, 1, 9, 1, 0]), 339]: 225435
['3433Q', (4, [1, 2, 1, 1, 10]), 57]: 37962
['34TTT', (4, [1, 2, 8, 8, 8]), 829]: 552943
['3533J', (4, [1, 3, 1, 1, 9]), 593]: 396124
['35J55', (4, [1, 3, 9, 3, 3]), 642]: 429498
['36667', (4, [1, 4, 4, 4, 5]), 453]: 303510
['37J33', (4, [1, 5, 9, 1, 1]), 495]: 332145
['388A8', (4, [1, 6, 6, 12, 6]), 611]: 410592
['39Q99', (4, [1, 7, 10, 7, 7]), 142]: 95566
['3TTJT', (4, [1, 8, 8, 9, 8]), 565]: 380810
['3KK2K', (4, [1, 11, 11, 0, 11]), 527]: 355725
['3ATTT', (4, [1, 12, 8, 8, 8]), 745]: 503620
['4443J', (4, [2, 2, 2, 1, 9]), 929]: 628933
['44T43', (4, [2, 2, 8, 2, 1]), 208]: 141024
['44J24', (4, [2, 2, 9, 0, 2]), 214]: 145306
['44KA4', (4, [2, 2, 11, 12, 2]), 247]: 167960
['45T55', (4, [2, 3, 8, 3, 3]), 200]: 136200
['4JJ6J', (4, [2, 9, 9, 4, 9]), 428]: 291896
['4KQQQ', (4, [2, 11, 10, 10, 10]), 389]: 265687
['5535Q', (4, [3, 3, 1, 3, 10]), 224]: 153216
['55542', (4, [3, 3, 3, 2, 0]), 35]: 23975
['555J4', (4, [3, 3, 3, 9, 2]), 687]: 471282
['555A6', (4, [3, 3, 3, 12, 4]), 136]: 93432
['5585J', (4, [3, 3, 6, 3, 9]), 52]: 35776
['55K59', (4, [3, 3, 11, 3, 7]), 796]: 548444
['56TTT', (4, [3, 4, 8, 8, 8]), 625]: 431250
['5755J', (4, [3, 5, 3, 3, 9]), 793]: 547963
['58255', (4, [3, 6, 0, 3, 3]), 825]: 570900
['5TKKK', (4, [3, 8, 11, 11, 11]), 735]: 509355
['5Q455', (4, [3, 10, 2, 3, 3]), 619]: 429586
['5K552', (4, [3, 11, 3, 3, 0]), 969]: 673455
['5K553', (4, [3, 11, 3, 3, 1]), 466]: 324336
['5KK3K', (4, [3, 11, 11, 1, 11]), 535]: 372895
['5A444', (4, [3, 12, 2, 2, 2]), 271]: 189158
['5A55Q', (4, [3, 12, 3, 3, 10]), 584]: 408216
['6444K', (4, [4, 2, 2, 2, 11]), 722]: 505400
['64966', (4, [4, 2, 7, 4, 4]), 827]: 579727
['65222', (4, [4, 3, 0, 0, 0]), 777]: 545454
['666K7', (4, [4, 4, 4, 11, 5]), 370]: 260110
['66J96', (4, [4, 4, 9, 7, 4]), 894]: 629376
['66Q64', (4, [4, 4, 10, 4, 2]), 688]: 485040
['66K63', (4, [4, 4, 11, 4, 1]), 19]: 13414
['67Q77', (4, [4, 5, 10, 5, 5]), 631]: 446117
['6J866', (4, [4, 9, 6, 4, 4]), 813]: 575604
['6QQJQ', (4, [4, 10, 10, 9, 10]), 33]: 23397
['6QQQK', (4, [4, 10, 10, 10, 11]), 943]: 669530
['6K646', (4, [4, 11, 4, 2, 4]), 92]: 65412
['6K686', (4, [4, 11, 4, 6, 4]), 975]: 694200
['6AJAA', (4, [4, 12, 9, 12, 12]), 496]: 353648
['72999', (4, [5, 0, 7, 7, 7]), 847]: 604758
['73787', (4, [5, 1, 5, 6, 5]), 504]: 360360
['74666', (4, [5, 2, 4, 4, 4]), 181]: 129596
['74772', (4, [5, 2, 5, 5, 0]), 962]: 689754
['766J6', (4, [5, 4, 4, 9, 4]), 196]: 140728
['78774', (4, [5, 6, 5, 5, 2]), 965]: 693835
['7977J', (4, [5, 7, 5, 5, 9]), 990]: 712800
['7J3JJ', (4, [5, 9, 1, 9, 9]), 836]: 602756
['7J677', (4, [5, 9, 4, 5, 5]), 376]: 271472
['7J737', (4, [5, 9, 5, 1, 5]), 811]: 586353
['7JJJA', (4, [5, 9, 9, 9, 12]), 882]: 638568
['7Q333', (4, [5, 10, 1, 1, 1]), 228]: 165300
['7K778', (4, [5, 11, 5, 5, 6]), 127]: 92202
['82885', (4, [6, 0, 6, 6, 3]), 232]: 168664
['8444J', (4, [6, 2, 2, 2, 9]), 528]: 384384
['84Q44', (4, [6, 2, 10, 2, 2]), 553]: 403137
['858A8', (4, [6, 3, 6, 12, 6]), 925]: 675250
['88348', (4, [6, 6, 1, 2, 6]), 670]: 489770
['8858Q', (4, [6, 6, 3, 6, 10]), 455]: 333060
['93T33', (4, [7, 1, 8, 1, 1]), 529]: 387757
['94939', (4, [7, 2, 7, 1, 7]), 454]: 333236
['97877', (4, [7, 5, 6, 5, 5]), 526]: 386610
['99498', (4, [7, 7, 2, 7, 6]), 145]: 106720
['9997Q', (4, [7, 7, 7, 5, 10]), 828]: 610236
['99J94', (4, [7, 7, 9, 7, 2]), 143]: 105534
['99J9T', (4, [7, 7, 9, 7, 8]), 884]: 653276
['99K97', (4, [7, 7, 11, 7, 5]), 358]: 264920
['9T998', (4, [7, 8, 7, 7, 6]), 595]: 440895
['9J997', (4, [7, 9, 7, 7, 5]), 173]: 128366
['9QQQA', (4, [7, 10, 10, 10, 12]), 712]: 529016
['9K9Q9', (4, [7, 11, 7, 10, 7]), 497]: 369768
['9K9A9', (4, [7, 11, 7, 12, 7]), 3]: 2235
['9KJKK', (4, [7, 11, 9, 11, 11]), 812]: 605752
['T333J', (4, [8, 1, 1, 1, 9]), 332]: 248004
['T3633', (4, [8, 1, 4, 1, 1]), 758]: 566984
['T3K33', (4, [8, 1, 11, 1, 1]), 361]: 270389
['T6999', (4, [8, 4, 7, 7, 7]), 392]: 294000
['T7757', (4, [8, 5, 5, 3, 5]), 355]: 266605
['T777A', (4, [8, 5, 5, 5, 12]), 6]: 4512
['T7AAA', (4, [8, 5, 12, 12, 12]), 128]: 96384
['TT2TA', (4, [8, 8, 0, 8, 12]), 998]: 752492
['TT6JT', (4, [8, 8, 4, 9, 8]), 201]: 151755
['TT8TK', (4, [8, 8, 6, 8, 11]), 586]: 443016
['TTJAT', (4, [8, 8, 9, 12, 8]), 682]: 516274
['TTQ8T', (4, [8, 8, 10, 6, 8]), 980]: 742840
['TTKTQ', (4, [8, 8, 11, 8, 10]), 205]: 155595
['TKKK8', (4, [8, 11, 11, 11, 6]), 634]: 481840
['J36JJ', (4, [9, 1, 4, 9, 9]), 932]: 709252
['J4449', (4, [9, 2, 2, 2, 7]), 627]: 477774
['J5TTT', (4, [9, 3, 8, 8, 8]), 170]: 129710
['J6665', (4, [9, 4, 4, 4, 3]), 163]: 124532
['J77T7', (4, [9, 5, 5, 8, 5]), 364]: 278460
['J7TTT', (4, [9, 5, 8, 8, 8]), 260]: 199160
['JJJK5', (4, [9, 9, 9, 11, 3]), 349]: 267683
['JQKQQ', (4, [9, 10, 11, 10, 10]), 28]: 21504
['JK6KK', (4, [9, 11, 4, 11, 11]), 338]: 259922
['JKKKQ', (4, [9, 11, 11, 11, 10]), 572]: 440440
['JA666', (4, [9, 12, 4, 4, 4]), 680]: 524280
['Q444A', (4, [10, 2, 2, 2, 12]), 750]: 579000
['Q5KQQ', (4, [10, 3, 11, 10, 10]), 68]: 52564
['Q6665', (4, [10, 4, 4, 4, 3]), 846]: 654804
['Q7555', (4, [10, 5, 3, 3, 3]), 257]: 199175
['Q7977', (4, [10, 5, 7, 5, 5]), 952]: 738752
['Q85QQ', (4, [10, 6, 3, 10, 10]), 770]: 598290
['Q8898', (4, [10, 6, 6, 7, 6]), 579]: 450462
['Q8Q2Q', (4, [10, 6, 10, 0, 10]), 898]: 699542
['Q9444', (4, [10, 7, 2, 2, 2]), 782]: 609960
['QQTQK', (4, [10, 10, 8, 10, 11]), 101]: 78881
['QQQ26', (4, [10, 10, 10, 0, 4]), 248]: 193936
['QKKK4', (4, [10, 11, 11, 11, 2]), 414]: 324162
['QAAAJ', (4, [10, 12, 12, 12, 9]), 419]: 328496
['K2QQQ', (4, [11, 0, 10, 10, 10]), 791]: 620935
['K33J3', (4, [11, 1, 1, 9, 1]), 514]: 404004
['K3TTT', (4, [11, 1, 8, 8, 8]), 590]: 464330
['K3KKA', (4, [11, 1, 11, 11, 12]), 235]: 185180
['K9KAK', (4, [11, 7, 11, 12, 11]), 354]: 279306
['KK2JK', (4, [11, 11, 0, 9, 11]), 32]: 25280
['KKTAK', (4, [11, 11, 8, 12, 11]), 147]: 116277
['KKJ7K', (4, [11, 11, 9, 5, 11]), 103]: 81576
['KKK36', (4, [11, 11, 11, 1, 4]), 432]: 342576
['KKK84', (4, [11, 11, 11, 6, 2]), 566]: 449404
['KAJKK', (4, [11, 12, 9, 11, 11]), 73]: 58035
['A222T', (4, [12, 0, 0, 0, 8]), 132]: 105072
['A2KKK', (4, [12, 0, 11, 11, 11]), 571]: 455087
['A4555', (4, [12, 2, 3, 3, 3]), 182]: 145236
['A4AAJ', (4, [12, 2, 12, 12, 9]), 660]: 527340
['A4AAK', (4, [12, 2, 12, 12, 11]), 367]: 293600
['A6665', (4, [12, 4, 4, 4, 3]), 926]: 741726
['A7JAA', (4, [12, 5, 9, 12, 12]), 787]: 631174
['AJ555', (4, [12, 9, 3, 3, 3]), 530]: 425590
['AJQQQ', (4, [12, 9, 10, 10, 10]), 996]: 800784
['AQQQ2', (4, [12, 10, 10, 10, 0]), 516]: 415380
['AQA7A', (4, [12, 10, 12, 5, 12]), 877]: 706862
['AK7AA', (4, [12, 11, 5, 12, 12]), 810]: 653670
['AA5A8', (4, [12, 12, 3, 12, 6]), 313]: 252904
['AA96A', (4, [12, 12, 7, 4, 12]), 676]: 546884
['AAA42', (4, [12, 12, 12, 2, 0]), 219]: 177390
['22277', (5, [0, 0, 0, 5, 5]), 560]: 454160
['222AA', (5, [0, 0, 0, 12, 12]), 741]: 601692
['28228', (5, [0, 6, 0, 0, 6]), 125]: 101625
['28882', (5, [0, 6, 6, 6, 0]), 156]: 126984
['2TT2T', (5, [0, 8, 8, 0, 8]), 12]: 9780
['33222', (5, [1, 1, 0, 0, 0]), 374]: 305184
['33232', (5, [1, 1, 0, 1, 0]), 521]: 425657
['33399', (5, [1, 1, 1, 7, 7]), 711]: 581598
['36366', (5, [1, 4, 1, 4, 4]), 951]: 778869
['37377', (5, [1, 5, 1, 5, 5]), 281]: 230420
['444JJ', (5, [2, 2, 2, 9, 9]), 517]: 424457
['44646', (5, [2, 2, 4, 2, 4]), 303]: 249066
['44848', (5, [2, 2, 6, 2, 6]), 287]: 236201
['54445', (5, [3, 2, 2, 2, 3]), 189]: 155736
['55222', (5, [3, 3, 0, 0, 0]), 972]: 801900
['55454', (5, [3, 3, 2, 3, 2]), 274]: 226324
['55522', (5, [3, 3, 3, 0, 0]), 236]: 195172
['55599', (5, [3, 3, 3, 7, 7]), 482]: 399096
['555AA', (5, [3, 3, 3, 12, 12]), 756]: 626724
['55888', (5, [3, 3, 6, 6, 6]), 640]: 531200
['55999', (5, [3, 3, 7, 7, 7]), 522]: 433782
['57757', (5, [3, 5, 5, 3, 5]), 763]: 634816
['58558', (5, [3, 6, 3, 3, 6]), 53]: 44149
['5T5T5', (5, [3, 8, 3, 8, 3]), 949]: 791466
['5T5TT', (5, [3, 8, 3, 8, 8]), 50]: 41750
['5K5K5', (5, [3, 11, 3, 11, 3]), 751]: 627836
['5K5KK', (5, [3, 11, 3, 11, 11]), 399]: 333963
['5AAA5', (5, [3, 12, 12, 12, 3]), 789]: 661182
['62226', (5, [4, 0, 0, 0, 4]), 415]: 348185
['65556', (5, [4, 3, 3, 3, 4]), 895]: 751800
['65656', (5, [4, 3, 4, 3, 4]), 65]: 54665
['66446', (5, [4, 4, 2, 2, 4]), 821]: 691282
['66622', (5, [4, 4, 4, 0, 0]), 727]: 612861
['666JJ', (5, [4, 4, 4, 9, 9]), 742]: 626248
['67667', (5, [4, 5, 4, 4, 5]), 798]: 674310
['68866', (5, [4, 6, 6, 4, 4]), 726]: 614196
['69669', (5, [4, 7, 4, 4, 7]), 835]: 707245
['72727', (5, [5, 0, 5, 0, 5]), 210]: 178080
['78788', (5, [5, 6, 5, 6, 6]), 353]: 299697
['7AA7A', (5, [5, 12, 12, 5, 12]), 621]: 527850
['87778', (5, [6, 5, 5, 5, 6]), 778]: 662078
['88TTT', (5, [6, 6, 8, 8, 8]), 388]: 330576
['88JJ8', (5, [6, 6, 9, 9, 6]), 91]: 77623
['88AA8', (5, [6, 6, 12, 12, 6]), 845]: 721630
['8K8KK', (5, [6, 11, 6, 11, 11]), 693]: 592515
['94994', (5, [7, 2, 7, 7, 2]), 272]: 232832
['98889', (5, [7, 6, 6, 6, 7]), 325]: 278525
['99444', (5, [7, 7, 2, 2, 2]), 790]: 677820
['99696', (5, [7, 7, 4, 7, 4]), 769]: 660571
['99777', (5, [7, 7, 5, 5, 5]), 139]: 119540
['99922', (5, [7, 7, 7, 0, 0]), 76]: 65436
['999JJ', (5, [7, 7, 7, 9, 9]), 534]: 460308
['T77TT', (5, [8, 5, 5, 8, 8]), 323]: 278749
['T99TT', (5, [8, 7, 7, 8, 8]), 714]: 616896
['TT44T', (5, [8, 8, 2, 2, 8]), 94]: 81310
['TT777', (5, [8, 8, 5, 5, 5]), 513]: 444258
['TKTTK', (5, [8, 11, 8, 8, 11]), 890]: 771630
['J55J5', (5, [9, 3, 3, 9, 3]), 598]: 519064
['J77J7', (5, [9, 5, 5, 9, 5]), 906]: 787314
['J9JJ9', (5, [9, 7, 9, 9, 7]), 662]: 575940
['JJ333', (5, [9, 9, 1, 1, 1]), 134]: 116714
['JJQQQ', (5, [9, 9, 10, 10, 10]), 697]: 607784
['JAJAA', (5, [9, 12, 9, 12, 12]), 227]: 198171
['Q22QQ', (5, [10, 0, 0, 10, 10]), 310]: 270940
['Q4Q44', (5, [10, 2, 10, 2, 2]), 840]: 735000
['Q4Q4Q', (5, [10, 2, 10, 2, 10]), 652]: 571152
['Q7Q77', (5, [10, 5, 10, 5, 5]), 985]: 863845
['Q9Q9Q', (5, [10, 7, 10, 7, 10]), 658]: 577724
['QTQTT', (5, [10, 8, 10, 8, 8]), 871]: 765609
['QQ999', (5, [10, 10, 7, 7, 7]), 305]: 268400
['QQTTQ', (5, [10, 10, 8, 8, 10]), 841]: 740921
['QQQ55', (5, [10, 10, 10, 3, 3]), 448]: 395136
['QQKKQ', (5, [10, 10, 11, 11, 10]), 352]: 310816
['QQAQA', (5, [10, 10, 12, 10, 12]), 864]: 763776
['QQAAA', (5, [10, 10, 12, 12, 12]), 135]: 119475
['K33K3', (5, [11, 1, 1, 11, 1]), 330]: 292380
['KK2K2', (5, [11, 11, 0, 11, 0]), 487]: 431969
['KK999', (5, [11, 11, 7, 7, 7]), 664]: 589632
['KKJKJ', (5, [11, 11, 9, 11, 9]), 696]: 618744
['KKK33', (5, [11, 11, 11, 1, 1]), 977]: 869530
['KKK77', (5, [11, 11, 11, 5, 5]), 69]: 61479
['A4A44', (5, [12, 2, 12, 2, 2]), 25]: 22300
['A66AA', (5, [12, 4, 4, 12, 12]), 623]: 556339
['A77A7', (5, [12, 5, 5, 12, 5]), 719]: 642786
['ATTTA', (5, [12, 8, 8, 8, 12]), 934]: 835930
['AKAKK', (5, [12, 11, 12, 11, 11]), 597]: 534912
['AKAAK', (5, [12, 11, 12, 12, 11]), 801]: 718497
['AATAT', (5, [12, 12, 8, 12, 8]), 445]: 399610
['22226', (6, [0, 0, 0, 0, 4]), 318]: 285882
['2222T', (6, [0, 0, 0, 0, 8]), 702]: 631800
['2222A', (6, [0, 0, 0, 0, 12]), 7]: 6307
['22422', (6, [0, 0, 2, 0, 0]), 701]: 632302
['22722', (6, [0, 0, 5, 0, 0]), 615]: 555345
['22822', (6, [0, 0, 6, 0, 0]), 582]: 526128
['22J22', (6, [0, 0, 9, 0, 0]), 650]: 588250
['22K22', (6, [0, 0, 11, 0, 0]), 256]: 231936
['24444', (6, [0, 2, 2, 2, 2]), 606]: 549642
['32333', (6, [1, 0, 1, 1, 1]), 547]: 496676
['33373', (6, [1, 1, 1, 5, 1]), 122]: 110898
['333A3', (6, [1, 1, 1, 12, 1]), 451]: 410410
['33533', (6, [1, 1, 3, 1, 1]), 991]: 902801
['33933', (6, [1, 1, 7, 1, 1]), 300]: 273600
['33Q33', (6, [1, 1, 10, 1, 1]), 780]: 712140
['34333', (6, [1, 2, 1, 1, 1]), 638]: 583132
['3T333', (6, [1, 8, 1, 1, 1]), 63]: 57645
['3J333', (6, [1, 9, 1, 1, 1]), 776]: 710816
['44344', (6, [2, 2, 1, 2, 2]), 175]: 160475
['44446', (6, [2, 2, 2, 2, 4]), 90]: 82620
['4444A', (6, [2, 2, 2, 2, 12]), 168]: 154392
['444T4', (6, [2, 2, 2, 8, 2]), 550]: 506000
['45555', (6, [2, 3, 3, 3, 3]), 939]: 864819
['47444', (6, [2, 5, 2, 2, 2]), 850]: 783700
['49444', (6, [2, 7, 2, 2, 2]), 278]: 256594
['4QQQQ', (6, [2, 10, 10, 10, 10]), 746]: 689304
['54444', (6, [3, 2, 2, 2, 2]), 633]: 585525
['55552', (6, [3, 3, 3, 3, 0]), 438]: 405588
['5555T', (6, [3, 3, 3, 3, 8]), 43]: 39861
['5555Q', (6, [3, 3, 3, 3, 10]), 34]: 31552
['555J5', (6, [3, 3, 3, 9, 3]), 13]: 12077
['555K5', (6, [3, 3, 3, 11, 3]), 851]: 791430
['55855', (6, [3, 3, 6, 3, 3]), 268]: 249508
['58888', (6, [3, 6, 6, 6, 6]), 673]: 627236
['5TTTT', (6, [3, 8, 8, 8, 8]), 336]: 313488
['66266', (6, [4, 4, 0, 4, 4]), 177]: 165318
['66646', (6, [4, 4, 4, 2, 4]), 243]: 227205
['66866', (6, [4, 4, 6, 4, 4]), 152]: 142272
['66J66', (6, [4, 4, 9, 4, 4]), 126]: 118062
['66A66', (6, [4, 4, 12, 4, 4]), 129]: 121002
['69666', (6, [4, 7, 4, 4, 4]), 166]: 155874
['77737', (6, [5, 5, 5, 1, 5]), 536]: 503840
['77747', (6, [5, 5, 5, 2, 5]), 426]: 400866
['77757', (6, [5, 5, 5, 3, 5]), 502]: 472884
['77767', (6, [5, 5, 5, 4, 5]), 971]: 915653
['77778', (6, [5, 5, 5, 5, 6]), 537]: 506928
['7J777', (6, [5, 9, 5, 5, 5]), 75]: 70875
['7A777', (6, [5, 12, 5, 5, 5]), 375]: 354750
['7AAAA', (6, [5, 12, 12, 12, 12]), 216]: 204552
['84444', (6, [6, 2, 2, 2, 2]), 137]: 129876
['88288', (6, [6, 6, 0, 6, 6]), 761]: 722189
['88788', (6, [6, 6, 5, 6, 6]), 17]: 16150
['88848', (6, [6, 6, 6, 2, 6]), 938]: 892038
['88886', (6, [6, 6, 6, 6, 4]), 153]: 145656
['88J88', (6, [6, 6, 9, 6, 6]), 859]: 818627
['89999', (6, [6, 7, 7, 7, 7]), 460]: 438840
['8T888', (6, [6, 8, 6, 6, 6]), 705]: 673275
['97777', (6, [7, 5, 5, 5, 5]), 817]: 781052
['97999', (6, [7, 5, 7, 7, 7]), 78]: 74646
['98888', (6, [7, 6, 6, 6, 6]), 635]: 608330
['99929', (6, [7, 7, 7, 0, 7]), 875]: 839125
['99969', (6, [7, 7, 7, 4, 7]), 831]: 797760
['99994', (6, [7, 7, 7, 7, 2]), 523]: 502603
['999Q9', (6, [7, 7, 7, 10, 7]), 954]: 917748
['999K9', (6, [7, 7, 7, 11, 7]), 82]: 78966
['999A9', (6, [7, 7, 7, 12, 7]), 194]: 187016
['99J99', (6, [7, 7, 9, 7, 7]), 908]: 876220
['9KKKK', (6, [7, 11, 11, 11, 11]), 832]: 803712
['T3TTT', (6, [8, 1, 8, 8, 8]), 18]: 17406
['T7777', (6, [8, 5, 5, 5, 5]), 198]: 191664
['TTT7T', (6, [8, 8, 8, 5, 8]), 520]: 503880
['TTTT9', (6, [8, 8, 8, 8, 7]), 649]: 629530
['TTTQT', (6, [8, 8, 8, 10, 8]), 264]: 256344
['TTJTT', (6, [8, 8, 9, 8, 8]), 108]: 104976
['J4444', (6, [9, 2, 2, 2, 2]), 893]: 868889
['J8JJJ', (6, [9, 6, 9, 9, 9]), 155]: 150970
['JQQQQ', (6, [9, 10, 10, 10, 10]), 400]: 390000
['Q3QQQ', (6, [10, 1, 10, 10, 10]), 672]: 655872
['Q8888', (6, [10, 6, 6, 6, 6]), 337]: 329249
['Q8QQQ', (6, [10, 6, 10, 10, 10]), 401]: 392178
['QQ5QQ', (6, [10, 10, 3, 10, 10]), 233]: 228107
['QQQ2Q', (6, [10, 10, 10, 0, 10]), 795]: 779100
['QQQ9Q', (6, [10, 10, 10, 7, 10]), 294]: 288414
['QQQQ7', (6, [10, 10, 10, 10, 5]), 98]: 96236
['QQQQT', (6, [10, 10, 10, 10, 8]), 624]: 613392
['QQKQQ', (6, [10, 10, 11, 10, 10]), 700]: 688800
['QAQQQ', (6, [10, 12, 10, 10, 10]), 420]: 413700
['K8888', (6, [11, 6, 6, 6, 6]), 731]: 720766
['KK7KK', (6, [11, 11, 5, 11, 11]), 299]: 295113
['KK8KK', (6, [11, 11, 6, 11, 11]), 424]: 418912
['KKK2K', (6, [11, 11, 11, 0, 11]), 397]: 392633
['KKK3K', (6, [11, 11, 11, 1, 11]), 978]: 968220
['KKKK6', (6, [11, 11, 11, 11, 4]), 989]: 980099
['KKKKT', (6, [11, 11, 11, 11, 8]), 940]: 932480
['KKKKJ', (6, [11, 11, 11, 11, 9]), 86]: 85398
['A6AAA', (6, [12, 4, 12, 12, 12]), 39]: 38766
['A9AAA', (6, [12, 7, 12, 12, 12]), 242]: 240790
['ATTTT', (6, [12, 8, 8, 8, 8]), 77]: 76692
['ATAAA', (6, [12, 8, 12, 12, 12]), 814]: 811558
['AAAAJ', (6, [12, 12, 12, 12, 9]), 614]: 612772
['AAAAK', (6, [12, 12, 12, 12, 11]), 174]: 173826
['JJJJJ', (7, [9, 9, 9, 9, 9]), 10]: 10000
